0000 5
0005 5
0010 5
0015 5
0020 5
0025 5
0030 5
0035 5
0040 5
0045 5
0050 5
0055 5
0100 5
0105 5
0110 5
0115 5
0120 5
0125 5
0130 5
0135 5
0140 5
0145 5
0150 5
0155 5
0200 5
0205 5
0210 5
0215 5
0220 5
0225 5
0230 5
0235 5
0240 5
0245 5
0250 5
0255 5
0300 5
0305 5
0310 5
0315 5
0320 5
0325 5
0330 5
0335 5
0340 5
0345 5
0350 5
0355 5
0400 5
0405 5
0410 5
0415 5
0420 5
0425 5
0430 5
0435 5
0440 5
0445 5
0450 5
0455 5
0500 5
0505 5
0510 5
0515 5
0520 5
0525 5
0530 5
0535 5
0540 5
0545 5
0550 5
0555 5
0600 5
0605 5
0610 5
0615 5
0620 5
0625 5
0630 5
0635 5
0640 5
0645 5
0650 5
0655 5
0700 5
0705 5
0710 5
0715 5
0720 5
0725 5
0730 5
0735 5
0740 5
0745 5
0750 5
0755 5
0800 5
0805 5
0810 5
0815 5
0820 5
0825 5
0830 5
0835 5
0840 5
0845 5
0850 5
0855 5
0900 5
0905 5
0910 5
0915 5
0920 5
0925 5
0930 5
0935 5
0940 5
0945 5
0950 5
0955 5
1000 5
1005 5
1010 5
1015 5
1020 5
1025 5
1030 5
1035 5
1040 5
1045 5
1050 5
1055 5
1100 5
1105 5
1110 5
1115 5
1120 5
1125 5
1130 5
1135 5
1140 5
1145 5
1150 5
1155 5
1200 5
1205 5
1210 5
1215 5
1220 5
1225 5
1230 5
1235 5
1240 5
1245 5
1250 5
1255 5
1300 5
1305 5
1310 5
1315 5
1320 5
1325 5
1330 5
1335 5
1340 5
1345 5
1350 5
1355 5
1400 5
1405 5
1410 5
1415 5
1420 5
1425 5
1430 5
1435 5
1440 5
1445 5
1450 5
1455 5
1500 5
1505 5
1510 5
1515 5
1520 5
1525 5
1530 5
1535 5
1540 5
1545 5
1550 5
1555 5
1600 5
1605 5
1610 5
1615 5
1620 5
1625 5
1630 5
1635 5
1640 5
1645 5
1650 5
1655 5
1700 5
1705 5
1710 5
1715 5
1720 5
1725 5
1730 5
1735 5
1740 5
1745 5
1750 5
1755 5
1800 5
1805 5
1810 5
1815 5
1820 5
1825 5
1830 5
1835 5
1840 5
1845 5
1850 5
1855 5
1900 5
1905 5
1910 5
1915 5
1920 5
1925 5
1930 5
1935 5
1940 5
1945 5
1950 5
1955 5
2000 5
2005 5
2010 5
2015 5
2020 5
2025 5
2030 5
2035 5
2040 5
2045 5
2050 5
2055 5
2100 5
2105 5
2110 5
2115 5
2120 5
2125 5
2130 5
2135 5
2140 5
2145 5
2150 5
2155 5
2200 5
2205 5
2210 5
2215 5
2220 5
2225 5
2230 5
2235 5
2240 5
2245 5
2250 5
2255 5
2300 5
2305 5
2310 5
2315 5
2320 5
2325 5
2330 5
2335 5
2340 5
2345 5
2350 5
2355 5